2014 174 0000
-0.33309-0.06309 0.21791 1.46690 1.43960
-0.33220-0.06415 0.21642 1.46690 1.43960
-0.33158-0.06487 0.21619 1.46690 1.43960
-0.33188-0.06585 0.21866 1.46690 1.43940
-0.33135-0.06584 0.21878 1.46690 1.43960
-0.33098-0.06635 0.21826 1.46690 1.43940
-0.33087-0.06656 0.21878 1.46690 1.43940
-0.32975-0.06659 0.21832 1.46690 1.43960
-0.32907-0.06637 0.21801 1.46690 1.43960
-0.32869-0.06604 0.21647 1.46690 1.43960
-0.32844-0.06552 0.21639 1.46690 1.43960
-0.32815-0.06527 0.21551 1.46690 1.43940
-0.32720-0.06520 0.21475 1.46690 1.43940
-0.32718-0.06478 0.21376 1.46690 1.43960
-0.32723-0.06466 0.21141 1.46690 1.43960
-0.32711-0.06426 0.21368 1.46690 1.43940
-0.32670-0.06416 0.21288 1.46690 1.43940
-0.32655-0.06446 0.21055 1.46690 1.43940
-0.32659-0.06398 0.21218 1.46690 1.43940
-0.32634-0.06420 0.21011 1.46690 1.43960
-0.32632-0.06376 0.21065 1.46690 1.43940
-0.32736-0.06353 0.21272 1.46690 1.43940
-0.32733-0.06407 0.21211 1.46690 1.43940
-0.32702-0.06454 0.21061 1.46690 1.43940
-0.32725-0.06532 0.21057 1.46690 1.43960
-0.32715-0.06478 0.21082 1.46690 1.43960
-0.32714-0.06504 0.21148 1.46690 1.43960
-0.32724-0.06445 0.21190 1.46700 1.43940
-0.32713-0.06375 0.21299 1.46690 1.43940
-0.32702-0.06322 0.21192 1.46690 1.43940
-0.32623-0.06328 0.21058 1.46700 1.43960
-0.32588-0.06318 0.21028 1.46690 1.43940
-0.32518-0.06329 0.20765 1.46690 1.43940
-0.32452-0.06239 0.20634 1.46690 1.43940
-0.32433-0.06200 0.20880 1.46690 1.43940
-0.32425-0.06126 0.20605 1.46700 1.43940
-0.32388-0.06111 0.20497 1.46700 1.43940
-0.32397-0.06024 0.20450 1.46690 1.43940
-0.32436-0.05896 0.20422 1.46700 1.43940
-0.32430-0.05869 0.20671 1.46690 1.43940
-0.32468-0.05887 0.20635 1.46700 1.43940
-0.32503-0.05929 0.20747 1.46700 1.43940
-0.32465-0.06039 0.20487 1.46700 1.43940
-0.32492-0.06081 0.20517 1.46700 1.43940
-0.32454-0.06128 0.20470 1.46700 1.43960
-0.32497-0.06113 0.20910 1.46700 1.43940
-0.32535-0.06161 0.20976 1.46690 1.43940
-0.32548-0.06231 0.20913 1.46690 1.43940
-0.32548-0.06246 0.20884 1.46700 1.43940
-0.32529-0.06285 0.20792 1.46700 1.43940
-0.32502-0.06346 0.20586 1.46700 1.43940
-0.32497-0.06347 0.20697 1.46690 1.43940
-0.32477-0.06295 0.20647 1.46700 1.43940
-0.32488-0.06240 0.20690 1.46700 1.43940
-0.32433-0.06225 0.20601 1.46700 1.43940
-0.32443-0.06203 0.20611 1.46700 1.43940
-0.32476-0.06263 0.20598 1.46690 1.43940
-0.32431-0.06255 0.20596 1.46700 1.43940
-0.32414-0.06239 0.20672 1.46690 1.43940
-0.32415-0.06300 0.20678 1.46690 1.43940
2014 174 0060
-0.32382-0.06352 0.20572 1.46690 1.43940
-0.32378-0.06308 0.20676 1.46690 1.43940
-0.32350-0.06267 0.20596 1.46690 1.43940
-0.32311-0.06214 0.20561 1.46690 1.43940
-0.32342-0.06208 0.20552 1.46690 1.43940
-0.32335-0.06223 0.20623 1.46690 1.43940
-0.32309-0.06190 0.20644 1.46690 1.43940
-0.32290-0.06218 0.20622 1.46690 1.43940
-0.32280-0.06164 0.20702 1.46690 1.43940
-0.32226-0.06159 0.20573 1.46690 1.43940
-0.32216-0.06177 0.20516 1.46690 1.43940
-0.32129-0.06133 0.20463 1.46690 1.43940
-0.32088-0.06150 0.20360 1.46690 1.43940
-0.31999-0.06083 0.20333 1.46690 1.43940
-0.31993-0.06048 0.20382 1.46690 1.43940
-0.31961-0.06090 0.20355 1.46690 1.43940
-0.31919-0.06112 0.20175 1.46690 1.43940
-0.31822-0.06134 0.20235 1.46690 1.43940
-0.31768-0.06079 0.20198 1.46690 1.43940
-0.31691-0.06070 0.20209 1.46690 1.43940
-0.31698-0.06092 0.20133 1.46690 1.43940
-0.31638-0.06128 0.20133 1.46690 1.43940
-0.31662-0.06127 0.20158 1.46690 1.43940
-0.31622-0.06107 0.20166 1.46690 1.43940
-0.31664-0.06134 0.20125 1.46690 1.43940
-0.31662-0.06199 0.20083 1.46690 1.43940
-0.31599-0.06220 0.20079 1.46690 1.43940
-0.31577-0.06231 0.20037 1.46690 1.43940
-0.31556-0.06274 0.20039 1.46690 1.43940
-0.31485-0.06248 0.19982 1.46690 1.43940
-0.31393-0.06156 0.20020 1.46690 1.43940
-0.31452-0.06206 0.19965 1.46690 1.43940
-0.31449-0.06144 0.20035 1.46690 1.43940
-0.31443-0.06157 0.19915 1.46690 1.43940
-0.31455-0.06160 0.19914 1.46690 1.43940
-0.31344-0.06135 0.19878 1.46690 1.43940
-0.31290-0.06110 0.19883 1.46690 1.43940
-0.31280-0.06121 0.19760 1.46690 1.43940
-0.31266-0.06056 0.19767 1.46690 1.43940
-0.31139-0.05961 0.19762 1.46690 1.43940
-0.31209-0.05912 0.19676 1.46690 1.43940
-0.31147-0.05905 0.19588 1.46690 1.43940
-0.31070-0.05864 0.19558 1.46690 1.43940
-0.31146-0.05928 0.19580 1.46690 1.43940
-0.31150-0.05873 0.19639 1.46690 1.43940
-0.31091-0.05907 0.19639 1.46690 1.43940
-0.31056-0.05913 0.19654 1.46690 1.43940
-0.31094-0.05902 0.19659 1.46690 1.43940
-0.31067-0.05961 0.19629 1.46690 1.43940
-0.31045-0.05978 0.19683 1.46690 1.43940
-0.31027-0.06021 0.19681 1.46690 1.43940
-0.30964-0.06046 0.19744 1.46690 1.43940
-0.31025-0.05996 0.19734 1.46690 1.43940
-0.31009-0.05987 0.19743 1.46690 1.43940
-0.31017-0.05969 0.19749 1.46690 1.43940
-0.31066-0.05940 0.19779 1.46690 1.43940
-0.31090-0.05921 0.19813 1.46690 1.43940
-0.31074-0.05907 0.19822 1.46690 1.43940
-0.31139-0.05919 0.19750 1.46690 1.43940
-0.31140-0.05891 0.19786 1.46690 1.43940
2014 174 0120
-0.31107-0.05902 0.19804 1.46690 1.43940
-0.31134-0.05936 0.19708 1.46690 1.43940
-0.31140-0.06004 0.19885 1.46690 1.43940
-0.31071-0.06045 0.19976 1.46690 1.43940
-0.31109-0.06045 0.19924 1.46690 1.43940
-0.31052-0.06099 0.19905 1.46690 1.43940
-0.31017-0.06069 0.19796 1.46670 1.43940
-0.30946-0.05966 0.19805 1.46670 1.43940
-0.30979-0.05985 0.19790 1.46670 1.43940
-0.30963-0.05925 0.19741 1.46670 1.43940
-0.30929-0.05922 0.19704 1.46670 1.43940
-0.30923-0.05898 0.19686 1.46670 1.43940
-0.30894-0.05873 0.19668 1.46670 1.43940
-0.30850-0.05874 0.19521 1.46670 1.43940
-0.30830-0.05781 0.19484 1.46670 1.43940
-0.30789-0.05827 0.19550 1.46670 1.43940
-0.30792-0.05758 0.19475 1.46670 1.43940
-0.30758-0.05747 0.19474 1.46670 1.43940
-0.30746-0.05747 0.19532 1.46670 1.43940
-0.30677-0.05773 0.19367 1.46670 1.43940
-0.30676-0.05726 0.19556 1.46670 1.43940
-0.30638-0.05715 0.19562 1.46670 1.43940
-0.30602-0.05733 0.19550 1.46670 1.43940
-0.30645-0.05768 0.19295 1.46670 1.43940
-0.30562-0.05706 0.19513 1.46670 1.43940
-0.30595-0.05734 0.19321 1.46670 1.43940
-0.30584-0.05709 0.19447 1.46690 1.43940
-0.30509-0.05759 0.19309 1.46690 1.43940
-0.30494-0.05780 0.19295 1.46690 1.43940
-0.30472-0.05689 0.19184 1.46690 1.43940
-0.30472-0.05711 0.19136 1.46690 1.43940
-0.30463-0.05679 0.19163 1.46690 1.43940
-0.30405-0.05626 0.19143 1.46690 1.43940
-0.30342-0.05619 0.18975 1.46690 1.43940
-0.30358-0.05530 0.18969 1.46690 1.43940
-0.30348-0.05507 0.18910 1.46690 1.43940
-0.30257-0.05490 0.18880 1.46690 1.43940
-0.30212-0.05450 0.18932 1.46690 1.43940
-0.30235-0.05445 0.18804 1.46690 1.43940
-0.30208-0.05428 0.18663 1.46690 1.43940
-0.30216-0.05376 0.18676 1.46690 1.43940
-0.30205-0.05442 0.18877 1.46690 1.43940
-0.30186-0.05493 0.18814 1.46690 1.43940
-0.30174-0.05447 0.19005 1.46690 1.43940
-0.30142-0.05439 0.18817 1.46690 1.43940
-0.30168-0.05479 0.18681 1.46690 1.43940
-0.30133-0.05522 0.18915 1.46690 1.43940
-0.30162-0.05507 0.18919 1.46690 1.43940
-0.30124-0.05540 0.18918 1.46690 1.43940
-0.30123-0.05547 0.18649 1.46690 1.43940
-0.30150-0.05575 0.18948 1.46690 1.43940
-0.30178-0.05584 0.18767 1.46690 1.43940
-0.30229-0.05611 0.18873 1.46690 1.43940
-0.30190-0.05587 0.19132 1.46690 1.43940
-0.30209-0.05608 0.18890 1.46690 1.43940
-0.30242-0.05606 0.18978 1.46690 1.43940
-0.30237-0.05617 0.19101 1.46690 1.43940
-0.30204-0.05614 0.18993 1.46690 1.43940
-0.30224-0.05554 0.19041 1.46690 1.43940
-0.30278-0.05525 0.18976 1.46690 1.43940
2014 174 0180
-0.30232-0.05488 0.18834 1.46690 1.43940
-0.30280-0.05531 0.19126 1.46690 1.43940
-0.30379-0.05472 0.19108 1.46670 1.43940
-0.30383-0.05511 0.19037 1.46690 1.43940
-0.30362-0.05541 0.19333 1.46690 1.43940
-0.30369-0.05490 0.19141 1.46690 1.43940
-0.30384-0.05521 0.19104 1.46690 1.43940
-0.30404-0.05547 0.19353 1.46690 1.43940
-0.30462-0.05564 0.19164 1.46690 1.43940
-0.30431-0.05576 0.19602 1.46690 1.43940
-0.30445-0.05607 0.19357 1.46690 1.43940
-0.30434-0.05665 0.19600 1.46690 1.43940
-0.30419-0.05614 0.19512 1.46690 1.43940
-0.30427-0.05579 0.19370 1.46690 1.43940
-0.30455-0.05598 0.19666 1.46690 1.43940
-0.30458-0.05613 0.19403 1.46690 1.43940
-0.30467-0.05582 0.19592 1.46690 1.43940
-0.30461-0.05594 0.19508 1.46690 1.43940
-0.30452-0.05598 0.19304 1.46700 1.43940
-0.30408-0.05607 0.19371 1.46690 1.43940
-0.30360-0.05623 0.19173 1.46690 1.43940
-0.30360-0.05568 0.19369 1.46700 1.43940
-0.30348-0.05583 0.19533 1.46700 1.43940
-0.30315-0.05559 0.19369 1.46690 1.43940
-0.30319-0.05528 0.19260 1.46690 1.43940
-0.30363-0.05537 0.19231 1.46690 1.43940
-0.30337-0.05514 0.19478 1.46690 1.43940
-0.30299-0.05534 0.19253 1.46690 1.43940
-0.30290-0.05426 0.19139 1.46690 1.43940
-0.30284-0.05379 0.19184 1.46690 1.43940
-0.30295-0.05426 0.19286 1.46670 1.43940
-0.30218-0.05444 0.19176 1.46670 1.43940
-0.30283-0.05409 0.19222 1.46670 1.43940
-0.30217-0.05422 0.19419 1.46670 1.43940
-0.30233-0.05409 0.19212 1.46670 1.43940
-0.30256-0.05415 0.19111 1.46670 1.43940
-0.30247-0.05438 0.19230 1.46670 1.43940
-0.30169-0.05424 0.19395 1.46670 1.43940
-0.30215-0.05426 0.19281 1.46670 1.43940
-0.30140-0.05441 0.19393 1.46670 1.43940
-0.30107-0.05432 0.19321 1.46670 1.43940
-0.30188-0.05420 0.19135 1.46670 1.43940
-0.30195-0.05438 0.19373 1.46670 1.43940
-0.30229-0.05440 0.19489 1.46670 1.43940
-0.30206-0.05484 0.19530 1.46670 1.43940
-0.30124-0.05485 0.19452 1.46670 1.43940
-0.30167-0.05525 0.19437 1.46670 1.43940
-0.30158-0.05551 0.19280 1.46670 1.43940
-0.30114-0.05486 0.19303 1.46670 1.43940
-0.30120-0.05501 0.19257 1.46670 1.43940
-0.30066-0.05480 0.19357 1.46690 1.43940
-0.30042-0.05506 0.19304 1.46670 1.43940
-0.30050-0.05521 0.19427 1.46690 1.43940
-0.30109-0.05449 0.19413 1.46690 1.43940
-0.30094-0.05460 0.19477 1.46690 1.43940
-0.30089-0.05409 0.19564 1.46690 1.43940
-0.30080-0.05442 0.19249 1.46690 1.43940
-0.30095-0.05529 0.19448 1.46690 1.43940
-0.30085-0.05515 0.19422 1.46690 1.43940
-0.30078-0.05499 0.19419 1.46690 1.43940
2014 174 0240
-0.30061-0.05505 0.19637 1.46690 1.43940
-0.30035-0.05511 0.19588 1.46690 1.43940
-0.30064-0.05493 0.19669 1.46690 1.43940
-0.30074-0.05515 0.19569 1.46690 1.43940
-0.30029-0.05473 0.19611 1.46700 1.43940
-0.30036-0.05469 0.19803 1.46700 1.43940
-0.30049-0.05467 0.19872 1.46690 1.43940
-0.30048-0.05479 0.19612 1.46690 1.43940
-0.30073-0.05469 0.19602 1.46690 1.43940
-0.30050-0.05543 0.19822 1.46690 1.43940
-0.30125-0.05528 0.19658 1.46690 1.43940
-0.30154-0.05558 0.19855 1.46690 1.43940
-0.30166-0.05555 0.19902 1.46690 1.43940
-0.30134-0.05529 0.19778 1.46690 1.43940
-0.30128-0.05531 0.20135 1.46690 1.43940
-0.30123-0.05566 0.19864 1.46690 1.43940
-0.30087-0.05610 0.19805 1.46690 1.43940
-0.30092-0.05543 0.19395 1.46690 1.43940
-0.30055-0.05551 0.19699 1.46690 1.43940
-0.30112-0.05564 0.19482 1.46690 1.43940
-0.30073-0.05544 0.19876 1.46690 1.43940
-0.30018-0.05560 0.19884 1.46690 1.43940
-0.30025-0.05563 0.19573 1.46690 1.43940
-0.30006-0.05607 0.19727 1.46690 1.43940
-0.30029-0.05600 0.19741 1.46690 1.43940
-0.29980-0.05557 0.19658 1.46700 1.43940
-0.29951-0.05615 0.19591 1.46700 1.43940
-0.29965-0.05565 0.19642 1.46700 1.43940
-0.29960-0.05633 0.19817 1.46700 1.43940
-0.29928-0.05714 0.19812 1.46700 1.43940
-0.29887-0.05646 0.19846 1.46700 1.43940
-0.29863-0.05696 0.19658 1.46700 1.43940
-0.29816-0.05618 0.19653 1.46700 1.43940
-0.29840-0.05558 0.19386 1.46700 1.43940
-0.29837-0.05579 0.19591 1.46700 1.43940
-0.29820-0.05560 0.19448 1.46700 1.43940
-0.29858-0.05607 0.19358 1.46700 1.43940
-0.29865-0.05656 0.19903 1.46700 1.43940
-0.29836-0.05557 0.19427 1.46700 1.43960
-0.29763-0.05549 0.19222 1.46700 1.43940
-0.29736-0.05593 0.19347 1.46700 1.43940
-0.29671-0.05582 0.19302 1.46700 1.43940
-0.29675-0.05544 0.19426 1.46700 1.43940
-0.29700-0.05578 0.19113 1.46700 1.43940
-0.29665-0.05546 0.19269 1.46700 1.43940
-0.29599-0.05533 0.19129 1.46700 1.43940
-0.29616-0.05483 0.19077 1.46700 1.43940
-0.29510-0.05448 0.19149 1.46700 1.43940
-0.29591-0.05502 0.19201 1.46700 1.43940
-0.29502-0.05439 0.19329 1.46700 1.43940
-0.29421-0.05520 0.19033 1.46690 1.43940
-0.29349-0.05456 0.18799 1.46690 1.43940
-0.29335-0.05453 0.18753 1.46690 1.43940
-0.29304-0.05413 0.18912 1.46690 1.43940
-0.29274-0.05497 0.18814 1.46690 1.43940
-0.29217-0.05491 0.18610 1.46690 1.43940
-0.29175-0.05565 0.18682 1.46690 1.43940
-0.29136-0.05564 0.18657 1.46690 1.43940
-0.29108-0.05565 0.18510 1.46690 1.43940
-0.29099-0.05537 0.18681 1.46670 1.43940
2014 174 0300
-0.28997-0.05529 0.18758 1.46690 1.43940
-0.28962-0.05499 0.18393 1.46690 1.43940
-0.28957-0.05531 0.18399 1.46690 1.43940
-0.28898-0.05548 0.18244 1.46690 1.43940
-0.28908-0.05535 0.18506 1.46690 1.43940
-0.28901-0.05514 0.18633 1.46690 1.43940
-0.28966-0.05522 0.18597 1.46690 1.43940
-0.28882-0.05571 0.18543 1.46690 1.43940
-0.28887-0.05577 0.18538 1.46690 1.43940
-0.28826-0.05537 0.18436 1.46690 1.43940
-0.28807-0.05550 0.18328 1.46690 1.43940
-0.28763-0.05440 0.18314 1.46690 1.43940
-0.28706-0.05435 0.18390 1.46690 1.43940
-0.28769-0.05375 0.18049 1.46690 1.43940
-0.28710-0.05395 0.18066 1.46700 1.43940
-0.28750-0.05364 0.18171 1.46690 1.43940
-0.28736-0.05296 0.18109 1.46690 1.43940
-0.28751-0.05328 0.18118 1.46690 1.43940
-0.28730-0.05327 0.17982 1.46690 1.43940
-0.28720-0.05396 0.17751 1.46690 1.43940
-0.28658-0.05319 0.17935 1.46690 1.43940
-0.28639-0.05336 0.17802 1.46690 1.43940
-0.28631-0.05317 0.17543 1.46690 1.43940
-0.28544-0.05211 0.17252 1.46690 1.43940
-0.28521-0.05237 0.17328 1.46670 1.43940
-0.28474-0.05190 0.17131 1.46670 1.43940
-0.28440-0.05172 0.17166 1.46670 1.43940
-0.28330-0.05215 0.17008 1.46670 1.43940
-0.28277-0.05210 0.16909 1.46670 1.43940
-0.28230-0.05209 0.16866 1.46670 1.43940
-0.28226-0.05192 0.16721 1.46660 1.43940
-0.28245-0.05108 0.16659 1.46660 1.43940
-0.28103-0.05085 0.16701 1.46660 1.43940
-0.28094-0.05075 0.16514 1.46660 1.43940
-0.28027-0.05037 0.16245 1.46660 1.43940
-0.28005-0.04930 0.16412 1.46660 1.43940
-0.27969-0.04921 0.16231 1.46660 1.43940
-0.27886-0.04901 0.16043 1.46660 1.43940
-0.27884-0.04808 0.15920 1.46660 1.43940
-0.27846-0.04734 0.15895 1.46660 1.43940
-0.27786-0.04699 0.15908 1.46660 1.43940
-0.27786-0.04614 0.15864 1.46660 1.43940
-0.27716-0.04559 0.15715 1.46660 1.43940
-0.27670-0.04501 0.15561 1.46660 1.43940
-0.27604-0.04418 0.15375 1.46660 1.43940
-0.27601-0.04311 0.15242 1.46670 1.43940
-0.27510-0.04179 0.15221 1.46660 1.43940
-0.27444-0.04161 0.14889 1.46660 1.43940
-0.27405-0.04035 0.15009 1.46660 1.43940
-0.27390-0.03938 0.14699 1.46660 1.43940
-0.27263-0.03753 0.14663 1.46660 1.43940
-0.27149-0.03638 0.14473 1.46660 1.43940
-0.27166-0.03602 0.14771 1.46660 1.43940
-0.27061-0.03494 0.14157 1.46660 1.43940
-0.26998-0.03404 0.14007 1.46660 1.43940
-0.27049-0.03360 0.14267 1.46660 1.43940
-0.26971-0.03259 0.14158 1.46660 1.43940
-0.26818-0.03210 0.13736 1.46660 1.43940
-0.26763-0.03088 0.13950 1.46660 1.43940
-0.26643-0.02993 0.13899 1.46660 1.43940
2014 174 0360
-0.26599-0.02888 0.13662 1.46660 1.43940
